epoca: 0
              precision    recall  f1-score   support

           0       0.00      0.00      0.00       980
           1       0.41      0.05      0.09      1135
           2       0.22      0.10      0.14      1032
           3       0.08      0.17      0.11      1010
           4       0.01      0.00      0.00       982
           5       0.29      0.01      0.02       892
           6       0.17      0.73      0.28       958
           7       0.70      0.03      0.05      1028
           8       0.12      0.20      0.15       974
           9       0.06      0.08      0.07      1009

    accuracy                           0.13     10000
   macro avg       0.21      0.14      0.09     10000
weighted avg       0.21      0.13      0.09     10000


epoca: 1
              precision    recall  f1-score   support

           0       0.93      0.97      0.95       980
           1       0.96      0.97      0.97      1135
           2       0.90      0.88      0.89      1032
           3       0.90      0.89      0.89      1010
           4       0.89      0.93      0.91       982
           5       0.89      0.84      0.86       892
           6       0.93      0.94      0.93       958
           7       0.90      0.91      0.91      1028
           8       0.87      0.86      0.87       974
           9       0.90      0.87      0.88      1009

    accuracy                           0.91     10000
   macro avg       0.91      0.91      0.91     10000
weighted avg       0.91      0.91      0.91     10000


epoca: 2
              precision    recall  f1-score   support

           0       0.95      0.97      0.96       980
           1       0.96      0.97      0.97      1135
           2       0.92      0.88      0.90      1032
           3       0.92      0.90      0.91      1010
           4       0.92      0.91      0.92       982
           5       0.91      0.85      0.88       892
           6       0.92      0.96      0.94       958
           7       0.93      0.91      0.92      1028
           8       0.85      0.89      0.87       974
           9       0.87      0.90      0.89      1009

    accuracy                           0.92     10000
   macro avg       0.91      0.91      0.91     10000
weighted avg       0.92      0.92      0.92     10000


epoca: 3
              precision    recall  f1-score   support

           0       0.95      0.97      0.96       980
           1       0.95      0.98      0.97      1135
           2       0.93      0.88      0.91      1032
           3       0.89      0.91      0.90      1010
           4       0.91      0.93      0.92       982
           5       0.90      0.86      0.88       892
           6       0.92      0.96      0.94       958
           7       0.94      0.90      0.92      1028
           8       0.90      0.86      0.88       974
           9       0.88      0.90      0.89      1009

    accuracy                           0.92     10000
   macro avg       0.92      0.92      0.92     10000
weighted avg       0.92      0.92      0.92     10000


epoca: 4
              precision    recall  f1-score   support

           0       0.95      0.97      0.96       980
           1       0.97      0.97      0.97      1135
           2       0.93      0.88      0.91      1032
           3       0.90      0.91      0.90      1010
           4       0.91      0.93      0.92       982
           5       0.91      0.86      0.88       892
           6       0.92      0.96      0.94       958
           7       0.94      0.92      0.93      1028
           8       0.86      0.90      0.88       974
           9       0.91      0.89      0.90      1009

    accuracy                           0.92     10000
   macro avg       0.92      0.92      0.92     10000
weighted avg       0.92      0.92      0.92     10000


epoca: 5
              precision    recall  f1-score   support

           0       0.95      0.98      0.96       980
           1       0.96      0.98      0.97      1135
           2       0.93      0.90      0.91      1032
           3       0.89      0.91      0.90      1010
           4       0.92      0.93      0.93       982
           5       0.89      0.87      0.88       892
           6       0.94      0.95      0.95       958
           7       0.93      0.91      0.92      1028
           8       0.89      0.87      0.88       974
           9       0.90      0.90      0.90      1009

    accuracy                           0.92     10000
   macro avg       0.92      0.92      0.92     10000
weighted avg       0.92      0.92      0.92     10000
