epoca: 0
              precision    recall  f1-score   support

           0       0.24      0.01      0.02       980
           1       0.08      0.29      0.13      1135
           2       0.00      0.00      0.00      1032
           3       0.00      0.00      0.00      1010
           4       0.00      0.00      0.00       982
           5       0.00      0.00      0.00       892
           6       0.13      0.79      0.22       958
           7       0.00      0.00      0.00      1028
           8       0.00      0.00      0.00       974
           9       0.00      0.00      0.00      1009

    accuracy                           0.11     10000
   macro avg       0.05      0.11      0.04     10000
weighted avg       0.05      0.11      0.04     10000


epoca: 1
              precision    recall  f1-score   support

           0       0.94      0.98      0.96       980
           1       0.97      0.98      0.97      1135
           2       0.92      0.91      0.92      1032
           3       0.88      0.94      0.91      1010
           4       0.90      0.95      0.92       982
           5       0.96      0.83      0.89       892
           6       0.91      0.96      0.93       958
           7       0.94      0.92      0.93      1028
           8       0.92      0.88      0.90       974
           9       0.93      0.89      0.91      1009

    accuracy                           0.93     10000
   macro avg       0.93      0.92      0.92     10000
weighted avg       0.93      0.93      0.92     10000


epoca: 2
              precision    recall  f1-score   support

           0       0.96      0.98      0.97       980
           1       0.97      0.98      0.98      1135
           2       0.93      0.95      0.94      1032
           3       0.93      0.94      0.94      1010
           4       0.95      0.93      0.94       982
           5       0.95      0.91      0.93       892
           6       0.93      0.97      0.95       958
           7       0.96      0.93      0.94      1028
           8       0.94      0.92      0.93       974
           9       0.92      0.93      0.93      1009

    accuracy                           0.94     10000
   macro avg       0.94      0.94      0.94     10000
weighted avg       0.95      0.94      0.94     10000


epoca: 3
              precision    recall  f1-score   support

           0       0.94      0.99      0.96       980
           1       0.97      0.98      0.98      1135
           2       0.97      0.94      0.96      1032
           3       0.96      0.94      0.95      1010
           4       0.96      0.95      0.95       982
           5       0.96      0.92      0.94       892
           6       0.95      0.97      0.96       958
           7       0.95      0.96      0.95      1028
           8       0.94      0.93      0.94       974
           9       0.94      0.95      0.94      1009

    accuracy                           0.95     10000
   macro avg       0.95      0.95      0.95     10000
weighted avg       0.95      0.95      0.95     10000


epoca: 4
              precision    recall  f1-score   support

           0       0.97      0.99      0.98       980
           1       0.98      0.99      0.98      1135
           2       0.97      0.96      0.96      1032
           3       0.96      0.96      0.96      1010
           4       0.96      0.97      0.96       982
           5       0.95      0.95      0.95       892
           6       0.96      0.97      0.96       958
           7       0.97      0.94      0.96      1028
           8       0.94      0.95      0.95       974
           9       0.94      0.95      0.94      1009

    accuracy                           0.96     10000
   macro avg       0.96      0.96      0.96     10000
weighted avg       0.96      0.96      0.96     10000


epoca: 5
              precision    recall  f1-score   support

           0       0.97      0.99      0.98       980
           1       0.97      0.99      0.98      1135
           2       0.98      0.96      0.97      1032
           3       0.95      0.97      0.96      1010
           4       0.98      0.96      0.97       982
           5       0.97      0.95      0.96       892
           6       0.96      0.98      0.97       958
           7       0.97      0.95      0.96      1028
           8       0.98      0.94      0.96       974
           9       0.95      0.96      0.95      1009

    accuracy                           0.97     10000
   macro avg       0.97      0.96      0.96     10000
weighted avg       0.97      0.97      0.97     10000
