epoca: 0
              precision    recall  f1-score   support

           0       0.00      0.00      0.00       980
           1       0.44      0.04      0.07      1135
           2       0.21      0.10      0.13      1032
           3       0.08      0.13      0.10      1010
           4       0.01      0.00      0.00       982
           5       0.42      0.01      0.02       892
           6       0.16      0.83      0.27       958
           7       0.75      0.04      0.08      1028
           8       0.13      0.21      0.16       974
           9       0.06      0.05      0.05      1009

    accuracy                           0.14     10000
   macro avg       0.23      0.14      0.09     10000
weighted avg       0.23      0.14      0.09     10000


epoca: 1
              precision    recall  f1-score   support

           0       0.95      0.98      0.96       980
           1       0.99      0.91      0.95      1135
           2       0.88      0.88      0.88      1032
           3       0.95      0.74      0.83      1010
           4       0.94      0.88      0.91       982
           5       0.67      0.91      0.77       892
           6       0.89      0.94      0.91       958
           7       0.74      0.95      0.84      1028
           8       0.80      0.78      0.79       974
           9       0.94      0.65      0.77      1009

    accuracy                           0.86     10000
   macro avg       0.87      0.86      0.86     10000
weighted avg       0.88      0.86      0.86     10000


epoca: 2
              precision    recall  f1-score   support

           0       0.94      0.96      0.95       980
           1       0.96      0.98      0.97      1135
           2       0.94      0.88      0.90      1032
           3       0.90      0.87      0.89      1010
           4       0.79      0.93      0.85       982
           5       0.89      0.79      0.83       892
           6       0.76      0.98      0.86       958
           7       0.91      0.93      0.92      1028
           8       0.87      0.76      0.81       974
           9       0.91      0.71      0.80      1009

    accuracy                           0.88     10000
   macro avg       0.89      0.88      0.88     10000
weighted avg       0.89      0.88      0.88     10000


epoca: 3
              precision    recall  f1-score   support

           0       0.98      0.93      0.96       980
           1       0.96      0.97      0.97      1135
           2       0.90      0.89      0.89      1032
           3       0.72      0.95      0.82      1010
           4       0.88      0.91      0.90       982
           5       0.97      0.57      0.72       892
           6       0.93      0.92      0.93       958
           7       0.98      0.79      0.87      1028
           8       0.77      0.87      0.82       974
           9       0.80      0.91      0.86      1009

    accuracy                           0.88     10000
   macro avg       0.89      0.87      0.87     10000
weighted avg       0.89      0.88      0.88     10000


epoca: 4
              precision    recall  f1-score   support

           0       0.98      0.93      0.96       980
           1       0.97      0.95      0.96      1135
           2       0.98      0.71      0.82      1032
           3       0.68      0.93      0.79      1010
           4       0.89      0.92      0.90       982
           5       0.81      0.88      0.84       892
           6       0.83      0.97      0.90       958
           7       0.93      0.90      0.92      1028
           8       0.85      0.65      0.73       974
           9       0.88      0.88      0.88      1009

    accuracy                           0.87     10000
   macro avg       0.88      0.87      0.87     10000
weighted avg       0.88      0.87      0.87     10000


epoca: 5
              precision    recall  f1-score   support

           0       0.97      0.90      0.93       980
           1       0.98      0.97      0.97      1135
           2       0.84      0.91      0.88      1032
           3       0.97      0.68      0.80      1010
           4       0.87      0.92      0.90       982
           5       0.65      0.93      0.76       892
           6       0.92      0.94      0.93       958
           7       0.85      0.94      0.89      1028
           8       0.88      0.77      0.82       974
           9       0.92      0.76      0.84      1009

    accuracy                           0.87     10000
   macro avg       0.88      0.87      0.87     10000
weighted avg       0.89      0.87      0.87     10000
